ECTA.book.res.ectam.MMDP.p1024.ns2.evals <- c(171351,120949,124041,107130,145264,114818,116365,137799,156193,90223,104069,254966,131702,134802,162198,223446,113279,77923,221757,111757,116369,107107,125597,140945,107140,165537,119429)
ECTA.book.res.ectam.MMDP.p1024.ns2.times <- c(4.831693,3.578752,3.638965,3.138371,4.232467,3.912457,3.389973,4.226789,4.966486,2.605551,2.980097,7.242246,4.125516,3.793505,4.545918,6.636639,3.509667,2.337783,6.55392,3.281698,3.474682,3.172974,3.693744,3.985149,3.206069,4.870424,3.524011)
