ECTA.book.res.ectam.MMDP.p1024.ns1.mm30.cs60.evals <- c(84077,96381,70235,62545,82539,64083,68697,90229,71773,64083,74849,77925,94843,70235,68697,457363,73311,88685,108685,94842,73311,90229,68697,67159,71773,64083,67159,68697,389244,73311)
ECTA.book.res.ectam.MMDP.p1024.ns1.mm30.cs60.times <- c(2.34618,2.692264,1.97634,1.764912,2.284404,1.855031,1.927354,2.495793,2.048987,1.836902,2.142535,2.24006,2.617787,1.964439,1.935074,12.026308,2.052093,2.496296,3.007236,2.662413,2.053733,2.552913,1.932743,1.894053,2.008273,1.884883,1.92189,1.940906,10.306354,2.091915)
