ECTA.book.res.afnm.MMDP.p1024.ns1.evals <- c(61007,100995,59469,73311,56393,56393,815133,74849,64083,76387,68697,84077,97919,68697,82539,85615,116375,64083,79463,91767,54855,107147,87153,79463,84077,67159,76387,57931)
ECTA.book.res.afnm.MMDP.p1024.ns1.times <- c(1.773021,2.928162,1.727483,2.108865,1.570574,1.605791,22.949351,2.09111,1.800371,2.139473,1.962917,2.456275,2.727034,2.200665,2.286496,2.345062,3.242835,1.793165,2.205673,2.55449,1.527707,2.9497,2.520495,2.236542,2.330418,1.862268,2.154779,1.611791)
