ECTA.book.res.afnm.MMDP.p1024.ns.evals <- c(61007,100995,59469,73311,56393,56393,815133,74849,64083,76387,68697,84077,97919,68697,82539,85615,116375,64083,79463,91767,54855,107147,87153,79463,84077,67159,76387,57931,119384,107147,122507,122508,122463,96358,125556,128630,108679,127132,93305,91764,124039,99440,153228,88691,139394,96381,99456,195260,70235,105590,117888,153179,125565,120940,99453,110216,107135,139397)
ECTA.book.res.afnm.MMDP.p1024.ns.times <- c(1.773021,2.928162,1.727483,2.108865,1.570574,1.605791,22.949351,2.09111,1.800371,2.139473,1.962917,2.456275,2.727034,2.200665,2.286496,2.345062,3.242835,1.793165,2.205673,2.55449,1.527707,2.9497,2.520495,2.236542,2.330418,1.862268,2.154779,1.611791,3.432231,3.005554,3.488293,3.479919,3.560777,2.746936,3.578201,3.588572,3.032602,3.562469,2.642312,2.554091,3.442916,2.817654,4.312041,2.472807,3.896652,2.70263,2.794917,5.338807,1.974828,2.924272,3.342497,4.256351,3.879563,3.721272,2.930686,3.341881,3.072572,4.058025)
