ECTA.book.res.afnm.MMDP.p1024.ns1.cs60.rr0.5.im5.evals <- c(91253,68183,60493,83563,83563,75873,80487,77411,75873,92791,63569,74335,114317,82025,83563,80487,77411,112784,62031,80487,97405,63569,63569,98943,74335,60493,89715,92791,80487,72797)
ECTA.book.res.afnm.MMDP.p1024.ns1.cs60.rr0.5.im5.times <- c(2.662093,1.952789,1.729665,2.423341,2.462185,2.20916,2.30689,2.29513,2.275703,2.790499,1.837224,2.185113,3.385202,2.60577,2.588279,2.548621,2.461887,3.51611,1.740178,2.319714,2.756363,1.781092,1.790453,2.7799,2.097678,1.67005,2.584378,2.670549,2.315219,2.425959)
