ECTA.book.res.afnm.MMDP.p1024.ns2.cs60.rr0.5.im5.evals <- c(88174,105087,115831,105083,134307,100481,109703,134288,144924,92785,126576,112770,105060,145050,105071,95867,118919,121995,111233,122009,201436,117320,151204,97377,131214,151181,114297,151110,128150)
ECTA.book.res.afnm.MMDP.p1024.ns2.cs60.rr0.5.im5.times <- c(2.420919,2.983762,3.287745,3.013223,3.795635,2.811746,3.151277,3.82175,4.349407,2.735417,3.803709,3.306928,3.244691,4.695131,3.012638,2.731784,3.680836,3.749358,3.334539,4.053909,5.915764,3.427889,4.406556,2.788491,3.907051,4.420101,3.299401,4.237764,3.744685)
