ECTA.book.res.ectam.MMDP.p1024.ns1.evals <- c(204509,67159,79463,108685,70235,108685,71773,77925,366586,116375,94843,81001,107147,71773,81001,108684,85615,74849,77925,70235,88691,91767,133120,81001,105609,117906,85615,76387)
ECTA.book.res.ectam.MMDP.p1024.ns1.times <- c(5.682956,2.004076,2.296414,3.071575,2.048448,3.312484,2.205619,2.341163,9.823451,3.314439,2.790941,2.421534,3.09878,2.099259,2.369265,3.194756,2.543821,2.181267,2.290417,2.065769,2.635868,2.713106,3.799329,2.402796,3.16999,3.397949,2.527187,2.192622)
