ECTA.book.res.lafnmw.MMDP.p1024.ns2.evals <- c(159118,245154,153607,293806,226238,241499,173174,220274,251275,182633,453031,208708,237199,444004,217452,188849,194084,213023,243025,233068,127794,181826,285199,212230,202948,227343)
ECTA.book.res.lafnmw.MMDP.p1024.ns2.times <- c(111.212941,206.798974,107.381648,255.767645,179.007507,194.849785,122.369575,159.615526,197.603691,128.863274,461.934525,154.885585,186.607421,490.14202,162.550871,133.055595,137.979438,161.532623,202.454224,182.755307,84.165412,134.593662,262.573857,155.018285,157.433565,176.509614)
