ECTA.book.res.lafnmw.MMDP.p1024.ns1.evals <- c(135462,67579,112967,60409,48128,76791,63488,63478,60408,118118,182732,117289,58362,45056,106249,157109,65522,69618,213511,62444,108056,50176,58366,157166,71639,57344,63472,60411)
ECTA.book.res.lafnmw.MMDP.p1024.ns1.times <- c(89.91606,40.514352,73.166813,37.28289,29.254434,48.82698,39.348785,39.247841,38.442924,80.118076,135.943702,79.647049,37.406967,27.72071,70.317449,112.990419,40.487572,58.171742,180.830076,39.072723,70.273954,30.32303,35.441725,109.134754,44.753613,34.869534,37.754395,36.20009)
