ECTA.book.res.ectam.MMDP.p1024.ns2.evals <- c(113289,97902,344657,105603,117905,127116,136326,157746,160895,136358,157831,117887,180834,140929,134824,137907,231297,90229,125601,619912,151670,180809,156289,191554,110213)
ECTA.book.res.ectam.MMDP.p1024.ns2.times <- c(3.323663,2.901722,11.05331,3.26186,3.936914,4.116155,4.148363,4.499698,4.730366,4.094954,4.675459,3.449449,5.237249,4.153676,4.004794,4.055778,6.66927,2.663738,3.702343,17.409362,4.575541,5.717255,4.629876,5.624561,3.455762)
