ECTA.book.res.afnm.MMDP.p1024.ns2.evals <- c(119384,107147,122507,122508,122463,96358,125556,128630,108679,127132,93305,91764,124039,99440,153228,88691,139394,96381,99456,195260,70235,105590,117888,153179,125565,120940,99453,110216,107135,139397)
ECTA.book.res.afnm.MMDP.p1024.ns2.times <- c(3.432231,3.005554,3.488293,3.479919,3.560777,2.746936,3.578201,3.588572,3.032602,3.562469,2.642312,2.554091,3.442916,2.817654,4.312041,2.472807,3.896652,2.70263,2.794917,5.338807,1.974828,2.924272,3.342497,4.256351,3.879563,3.721272,2.930686,3.341881,3.072572,4.058025)
